
#pragma once
#ifndef SECRETS_H
#define SECRETS_H
#include "constants.h"
#define TOTAL_USERS 3
#define TOTAL_REGIONS 2
#define NUM_REGIONS 3
struct user {
    const char name[UNAME_SIZE]; 
    const uint8_t salt[SALT_SIZE]; 
    const uint8_t hash[PKEY_SIZE]; 
}; 
static const uint8_t mipod_key[PKEY_SIZE] = {106, 251, 255, 157, 194, 191, 237, 35, 46, 231, 110, 49, 50, 164, 62, 235, 27, 220, 244, 241, 0, 9, 168, 45, 78, 34, 49, 7, 237, 29, 65, 85, 139, 252, 59, 31, 111, 143, 224, 198, 238, 79, 80, 60, 123, 168, 85, 82, 219, 161, 141, 192, 196, 40, 204, 237, 0, 83, 172, 102, 7, 213, 213, 81 }; //public signing key for the firmware size 64
static const uint8_t mipod_salt[SALT_SIZE] ={243, 144, 182, 202, 76, 238, 155, 239, 178, 187, 74, 172, 13, 175, 158, 141 }; //public slat  for the firmware size 16
static struct user provisioned_users[TOTAL_USERS] = { {"drew",{227, 142, 148, 72, 237, 24, 222, 50, 100, 44, 231, 28, 24, 13, 61, 184},{100, 43, 60, 238, 98, 234, 147, 227, 29, 138, 234, 118, 26, 219, 73, 63, 247, 35, 149, 217, 209, 19, 145, 46, 198, 73, 253, 106, 66, 109, 35, 57, 189, 87, 205, 240, 126, 103, 77, 0, 165, 226, 29, 188, 104, 183, 135, 201, 222, 238, 38, 95, 203, 89, 236, 7, 179, 209, 97, 130, 201, 202, 158, 77}}, {"ben",{64, 89, 69, 118, 119, 227, 146, 164, 238, 142, 58, 23, 83, 98, 204, 52},{93, 32, 107, 58, 86, 7, 44, 235, 166, 62, 159, 247, 200, 69, 3, 229, 104, 3, 131, 15, 72, 199, 32, 58, 192, 158, 162, 60, 21, 94, 80, 37, 161, 39, 246, 75, 173, 152, 160, 130, 156, 62, 157, 139, 182, 78, 175, 209, 191, 85, 11, 95, 40, 76, 40, 34, 41, 99, 220, 61, 225, 56, 142, 52}}, {"misha",{146, 88, 36, 115, 72, 77, 160, 5, 224, 180, 117, 117, 105, 240, 148, 249},{249, 92, 63, 174, 49, 121, 23, 35, 254, 244, 220, 149, 145, 249, 39, 21, 179, 28, 47, 38, 150, 205, 135, 173, 27, 179, 247, 49, 124, 57, 115, 99, 206, 23, 191, 161, 220, 54, 159, 2, 118, 109, 226, 237, 124, 124, 130, 65, 88, 104, 250, 133, 134, 195, 83, 59, 210, 86, 178, 96, 205, 54, 129, 18}} };
static uint32_t provisioned_regions[TOTAL_REGIONS] = { 0, 1 };
const uint32_t REGION_IDS[] = { 0, 1, 2 };
const char *REGION_NAMES[] = { "United States", "Japan", "Australia" };
#endif // SECRETS_H
